Code	max_depth	test_score
330590	1	0.9763547473661232
000400	5	0.9854208882114349
023530	9	0.9947082792218319
004000	2	0.9691580658366903
286940	2	0.9657329308606974
280360	2	0.9824858473130432
00499K	1	0.924245013110522
004990	2	0.982842542681652
005305	3	0.9614051273518196
005300	2	0.9836611224523657
011170	1	0.9717612169883174
002270	2	0.9942740272559352
071840	4	0.9896862159842931
027740	2	0.8735308635896964
204320	4	0.9889733535126723
001080	2	0.9648602299070559
088980	2	0.9910169161196362
138040	2	0.9831055511127345
008560	3	0.9754272792065066
000060	2	0.9824626243392232
090370	2	0.9920730202821183
017180	1	0.9323930776595024
009900	1	0.94927113463511
012690	2	0.9651479772705691
005360	4	0.9713896778816195
204210	1	0.9842641296280491
009680	1	0.9646437643660499
009200	8	0.9784044664645201
009580	3	0.9904093498273792
033920	3	0.9924743097960058
008420	4	0.9750270899871
025560	9	0.9877327732852563
007120	1	0.9622786062983906
357250	2	0.9444816775582094
094800	16	0.9828279479205624
085620	2	0.980398752881517
006805	6	0.9818010056643931
00680K	1	0.9802676713802134
006800	1	0.9757012061687366
002840	3	0.9974415118452334
268280	4	0.9943954304492467
107590	3	0.9880556032449488
134380	2	0.9916741784725559
003650	2	0.9832080395059553
155900	4	0.9905510428442292
003610	2	0.9718281273969033
001340	2	0.9809443685601771
035150	2	0.9765968934762574
002410	1	0.9894710843224044
007210	2	0.973123626730601
002760	1	0.932490477413586
003850	3	0.9898090501299854
000890	3	0.9636683749797258
003000	3	0.9788479307385242
001275	2	0.9709482061328095
001270	2	0.9755971718295681
026940	3	0.9556710335278723
015350	2	0.9903552833023996
011390	1	0.9392799669460143
005030	6	0.9777337302328755
002070	4	0.9826184344509117
100220	2	0.9447476043084205
030790	10	0.993350997331181
005180	8	0.9651467518416557
003960	3	0.9861262203010986
008040	1	0.9699146862078859
007160	1	0.9890165670946258
014710	2	0.9690224530598828
006090	2	0.939229365270879
001470	11	0.9924765395549138
006405	9	0.9938839701371672
006400	2	0.9950370742427164
006660	3	0.9916766572226907
02826K	1	0.9846930536316184
028260	2	0.9685481011887747
207940	3	0.9941571143575592
032830	2	0.9901310078245884
018260	2	0.971883494778943
028050	1	0.9808218053356749
009155	2	0.9929513056369459
009150	16	0.9837169788336335
005935	3	0.9958475825513925
005930	2	0.9925821564197289
001360	4	0.9807446489419189
010145	6	0.9836911293425202
010140	2	0.9780152305789866
016360	2	0.9740480839539606
068290	3	0.9712207940371037
029780	4	0.9521788886588355
000815	5	0.98931103125716
000810	2	0.9896886621875806
006110	2	0.9823471256567698
145995	2	0.9357746727040098
145990	2	0.9755211938815781
003230	2	0.9836101743305696
002170	1	0.9832814759047179
272550	2	0.9825461742898349
000075	4	0.9661088629401403
000070	2	0.9831433795858149
002810	1	0.9523922030538905
005680	2	0.988403494359792
003720	2	0.9931800635860755
023000	2	0.9690270823105559
004380	2	0.9432599940536567
002450	1	0.9691372562122298
004440	9	0.9830908242827526
000520	3	0.9588181508159079
009770	1	0.9715238485547116
005500	2	0.9914040968745216
004690	2	0.9820842600997755
010960	1	0.960215136094988
004450	1	0.9666425473256601
009470	3	0.9791326571062559
011230	3	0.9748125981076697
001820	2	0.9675944150442098
000390	2	0.985616025870265
001290	4	0.9909347795382991
041650	3	0.9850519124886931
075180	2	0.9829421109154851
007540	2	0.9644303321214138
248170	3	0.9874031664940797
007860	2	0.986205264696007
200880	3	0.9796062229290738
017390	3	0.9671076745851581
004415	2	0.8745214637710808
004410	1	0.9680650296951401
021050	2	0.9894639099687802
008490	3	0.9950233935875124
007610	4	0.977474809800311
002820	12	0.9815109379700064
136490	3	0.9735742558075141
014915	1	0.9411088612208559
014910	3	0.9693314412242755
003080	4	0.9696896009196313
004985	2	0.9287309256992339
004980	1	0.9692825408473844
011300	2	0.9462609086006342
000180	4	0.9867029117342972
002420	1	0.9426824917657238
004365	12	0.9570037035531174
004360	2	0.9751040387171959
004490	7	0.987093024655031
001430	3	0.9884785295250156
306200	2	0.9853882710767972
003030	4	0.9846956288463196
019440	3	0.9795989915604311
058650	2	0.9893776618124944
013000	1	0.9687118536151866
091090	2	0.9760550536329992
021820	7	0.9621155346037888
067830	2	0.9890999328378648
033530	2	0.9777239847936895
075580	2	0.9813856499790787
027970	2	0.9780016723153256
308170	1	0.9032151594157606
012600	2	0.9824557515398589
068270	3	0.9818116113838293
33637K	1	0.9789637082084284
33637L	2	0.9336060254069466
336370	2	0.9847090203911045
248070	6	0.7032399303939175
004430	1	0.9774911113094049
017550	5	0.9824851659005163
134790	2	0.981290912613618
016590	2	0.9763859647981685
029530	2	0.9952488903941177
004970	2	0.9891529565964693
011930	2	0.9885382150411268
005390	2	0.9729035329948705
034300	3	0.9807464317460913
004170	2	0.9612171537479002
035510	2	0.9675558347781164
031430	2	0.9770418163991843
031440	2	0.9928051785030516
006880	2	0.9672348328819216
005800	3	0.9851670123480918
001725	6	0.984736522913873
001720	2	0.9824208048729832
009275	2	0.8790713202416072
009270	1	0.9483388913409737
002700	4	0.9737763108820127
019175	4	0.9715046819627571
019170	3	0.9790644551920057
002870	1	0.9792502392445812
055550	1	0.98808439292134
293940	2	0.9883168508210162
004080	2	0.9654211420915778
102280	1	0.8903630223154444
003410	1	0.9611895933933347
003620	3	0.9794472323455613
004770	2	0.9653681408438223
015540	2	0.8909899590806653
004920	1	0.9677325206094729
112610	4	0.9956375356561227
000120	1	0.9426339715729748
079160	3	0.9865395140255476
097955	2	0.991047925700086
097950	2	0.9850809558937363
008700	2	0.9665343126774834
002795	2	0.9816501320339982
00279K	1	0.9804255082911371
002790	1	0.9735909474517159
090435	3	0.9826244941251454
090430	1	0.9779910744282804
002030	3	0.9897286971099137
183190	2	0.9883770450047149
002310	3	0.9821266442621848
012170	18	0.9913292537160578
267850	1	0.9278667017434823
020560	2	0.9262528025752573
122900	2	0.9586156205016028
010780	3	0.9893500121194697
001780	5	0.9806571204534056
018250	2	0.9928534090461093
161000	2	0.9774739472566694
011090	3	0.9845635131054855
137310	1	-1.1655039368482738
034120	2	0.987254895056228
005850	6	0.988479011324072
012750	1	0.9659171897188976
004060	1	0.9529665731159285
006125	1	0.9879917453267988
006120	2	0.9884949714540078
068400	2	0.9593958474743762
302440	3	0.7437426109501737
326030	2	0.9805386513234631
000660	2	0.985430338400356
023960	1	0.9791354022642355
298690	10	0.9714728146550344
078520	18	0.9710361813504397
015260	2	0.9897496521164565
140910	2	0.9816770675310087
039570	1	0.9764104953777417
089470	3	0.9790747175668649
082740	2	0.9828782487227626
011200	10	0.9967237644626888
007460	7	0.9889339773519112
003060	2	0.9861472524303553
244920	11	0.9632239768883789
036570	3	0.9912590736426546
138250	2	0.9732634983144568
380440	1	-0.131429086409117
005945	2	0.9828821757562944
005940	2	0.9733011826347836
085310	1	0.9742766030724171
009810	1	0.9606786816028695
900140	3	0.9734007014630986
229640	2	0.9680998258885808
108675	4	0.9769284604619163
108670	2	0.9819135935729266
38380K	5	0.9422281782272011
383800	2	0.09057959910349223
037560	2	0.9877025202536084
097520	3	0.9907242937603115
014440	2	0.970070255950159
111770	2	0.967345873443339
009970	3	0.989014644040096
003520	2	0.9508543169211188
000670	2	0.9856003210355769
006740	1	0.9610034202936557
012280	1	0.9625179857921284
012160	1	0.9040964795684506
015360	1	0.9730141724397656
007310	2	0.9900277213674732
002630	2	0.9644280182756864
271560	2	0.9654990954956421
001800	2	0.980763337360579
037270	3	0.9924325626475797
011690	3	0.9953795634317615
316140	2	0.9894645964584255
033660	1	0.9678095304011195
118000	2	0.9377875159344454
010050	4	0.9801284965496163
006980	1	0.9216262286091961
017370	2	0.9907675223945067
105840	2	0.958339713436798
010400	2	0.9694214222705904
049800	2	0.9774316986812186
016880	2	0.986885191657746
095720	2	0.9634129090232851
005820	1	0.9800611782020332
010600	4	0.9857285064042838
008600	4	0.9753622039781568
014830	2	0.9682561912490051
047400	1	0.9729541263871814
000910	9	0.9747420247053555
011330	1	0.9696317552470046
077500	3	0.9856190791234879
002920	2	0.9704178739025495
000700	2	0.9724201557697596
003475	1	0.986071889944226
003470	2	0.9798103565919317
072130	1	0.914098196068138
000225	5	0.978029745065095
000227	2	0.9758439290954731
000220	2	0.9614864133473229
001200	2	0.9879035543768553
000105	1	0.9886062660649353
000100	2	0.9847394067735945
003465	1	0.9149339840551953
003460	1	0.9693280835935734
008730	17	0.9824298148504322
008250	3	0.9712376114255025
025820	3	0.9856013958115021
214320	1	0.9646386641376844
088260	2	0.9854877396228936
139480	2	0.9859469377241626
007660	1	0.966087114862163
005950	3	0.9631388562126569
015020	1	0.9736216340807551
093230	1	0.9670703830236322
074610	2	0.9633180472755183
102460	3	0.960507335658352
084680	2	0.9704468724238294
350520	1	0.9710700226514135
334890	1	0.9821384615002212
000760	1	0.9763489943997368
014990	8	0.9634996022770047
101140	2	0.96561094024842
006490	10	0.9910445451817165
023800	3	0.986816397638013
034590	2	0.9888770825602359
129260	2	0.9798144315348652
023810	3	0.9787377379699044
249420	1	0.9640417941328885
000230	2	0.98569425271951
013360	3	0.9673310171043935
003120	4	0.9577923046286088
003200	2	0.990165205256105
007110	2	0.9297741440447689
007575	8	0.9783142473093533
007570	3	0.9829042585685823
008500	1	0.9723420349363315
081000	5	0.9839665893543971
020760	2	0.9568270635492512
020150	2	0.9839620168325975
103590	3	0.9640485123621556
015860	2	0.9635628770512285
226320	15	0.9809681319296558
317400	1	0.9905133576816453
033240	3	0.986245202397182
000950	6	0.9811161493687022
348950	1	0.9252914433116992
194370	2	0.987709494993763
025620	4	0.9950137835204413
036420	2	0.9806176963174993
030000	2	0.9773203876966561
271980	1	0.9439234216605646
001560	2	0.9693090733777231
002620	4	0.9518745576780683
006220	3	0.9900450636073773
089590	2	0.9881914015956057
004910	10	0.9757753715368379
004700	1	0.9756930243891626
001550	1	0.9546739255842829
000480	2	0.9099461992854304
120030	1	0.9497673055761471
018470	2	0.981309311626014
002600	1	0.9773103366581152
063160	2	0.9692611133734842
185750	1	0.9854411143267083
001630	1	0.972866018022226
070960	1	0.9175049781877603
023450	3	0.990718364105873
002380	3	0.9872070451663887
044380	1	0.9633883149612446
024110	2	0.9944286943422086
013890	2	0.956677611004522
001250	2	0.9841926091606356
007070	1	0.933728727513491
013870	5	0.975189976764884
071320	2	0.9931381559634267
010580	1	0.9937976020357396
035000	4	0.9889457347586229
088790	2	0.978750562757046
003780	2	0.9749986490529022
010640	1	0.9735712684283936
100250	2	0.9731031695506188
051630	2	0.960330477567659
272450	2	0.9839748764000387
011000	6	0.9870710608777354
002785	1	0.9433740409750784
002787	2	0.9070359486265682
002780	1	0.9053513188053944
009310	1	0.9515075949028102
000650	2	0.9475189982272381
033250	3	0.97514936587215
035720	10	0.9978193241081101
006380	2	0.9850284802795433
109070	2	0.9936841385590001
001620	3	0.9742586819462065
009440	2	0.9583096931062353
029460	2	0.9898691359761481
344820	1	0.9897597683542646
119650	3	0.9735326818629578
281820	3	0.9862596210579867
044450	3	0.990092800545406
092220	3	0.9882307706687312
145270	4	0.9797922197342344
030200	2	0.9785388224508536
030210	3	0.9908166302738304
053210	2	0.9822913007276972
058850	2	0.9678145540733135
058860	1	0.974678303896592
033780	2	0.9813881356700709
357120	7	0.9889857993860208
007815	2	0.9924573749623228
00781K	2	0.9796336031473255
007810	2	0.9887755513618923
003690	3	0.9709575706595613
192820	2	0.976888395523202
044820	2	0.9725716957839297
005070	2	0.9854723218986325
005420	2	0.978275056662572
071950	1	0.9223840271433938
002025	2	0.9686115593781137
003075	1	0.972433065518825
003070	5	0.9851310545700396
144620	3	0.9790166827860538
002020	2	0.9894734502324161
120115	2	0.9794928915422474
120110	2	0.9815426843371243
138490	2	0.9859043567789306
021240	1	0.9387190935429446
031820	1	0.8746816692893419
192400	2	0.9819651752787635
284740	1	0.9417421556559153
015590	2	0.9600966223526615
26490K	3	0.9805161329717228
264900	1	0.9809035088626498
005745	1	0.9313732580192025
005740	1	0.9749502149841291
020120	2	0.9919822624936001
039490	2	0.9802537858498303
014580	6	0.9205309316542677
015890	2	0.955356878868032
006890	2	0.9857942006218915
003240	2	0.9914491122628124
011280	2	0.969643724337222
004105	1	0.8642165460796544
004100	1	0.9458692423497591
009410	2	0.9919262820514427
009415	16	0.9836464193438025
001420	1	0.9652543799202635
007980	2	0.9692929815984995
055490	3	0.9909935975196159
078000	2	0.9601951115990149
214420	2	0.949858527782908
019180	2	0.9704836539225384
002900	3	0.9755884135212186
36328K	1	0.9455512265129509
363280	1	0.9477069362488633
091810	3	0.9875330149772162
004870	3	0.9888429848123418
005690	1	0.9653360311522449
036580	4	0.9824098467241259
004720	2	0.9666387566681953
028670	2	0.9808014588979616
010820	3	0.9646302991020363
016800	4	0.9780498942730808
001020	2	0.9734521221413798
090080	5	0.9769884958075433
010770	2	0.9690899153845958
058430	4	0.9898650710899006
005490	3	0.9887640881415005
047050	1	0.9727330361204857
003670	5	0.9947472292843346
007630	3	0.9965738178556512
017810	2	0.9893998662908751
103140	3	0.9825755866013048
005810	2	0.9704076469530086
950210	2	0.8875062136119527
178920	3	0.9801912939598736
086790	2	0.9815499090718034
293480	1	0.8379064426568466
039130	1	0.9822513376155442
172580	2	0.9962791655274409
153360	3	0.9941928923998308
352820	1	0.9779096434992953
071090	2	0.9790692041556562
019490	2	0.9854738514235
000087	2	0.9872133797990474
000080	2	0.9923439281485402
000145	1	0.9663529992895784
000140	3	0.9928940370484375
036460	2	0.9910727090807331
005430	1	0.9466737460769183
010040	4	0.9590098523799808
025540	3	0.9887388489146471
096300	2	0.9947097717338605
004090	2	0.9805462397662216
002200	3	0.966342379299552
002960	2	0.9898357648222441
000240	2	0.9550639366805662
033270	1	0.9121038726195382
123890	2	0.9873318286463576
015760	2	0.9861256802411742
052690	3	0.9799410274262326
006200	2	0.9706220181048779
009540	2	0.9761386562435733
023350	1	0.9811038008707307
025890	1	0.9730905134778906
000970	2	0.9365196597394395
104700	13	0.9921073831224789
017960	2	0.9858230033989259
161890	2	0.9829802232519594
024720	3	0.972329436840017
161390	2	0.9856457541698822
034830	2	0.9879065275435301
152550	1	0.9659777785264633
168490	4	0.995610671480237
071055	14	0.9892009359496692
071050	9	0.9810608687458435
007280	3	0.9846582178209781
010100	1	0.9679108055272968
047810	2	0.9830957404035408
123690	1	0.9457672357628726
003350	2	0.9373078858057324
011500	1	0.9927122217351965
002390	2	0.9664431983382954
014790	3	0.9825925523548511
060980	2	0.9778458472883375
053690	19	0.9524309435291637
042700	2	0.9933429941537117
008930	1	0.9845572145795688
128940	2	0.975425866527824
009240	1	0.9748910303258732
020000	2	0.9765106793098851
003680	4	0.9837354482412215
105630	2	0.9787128250679592
069640	2	0.9900757524455658
016450	3	0.9688351294311306
010420	3	0.970153863589136
009180	3	0.9911443028292252
213500	2	0.9757810698166233
014680	3	0.9948944950998387
004710	1	0.9728758423455736
004150	2	0.985268796814313
025750	2	0.9844835455852403
004960	3	0.9852944164932137
011700	19	0.965555513103386
001755	2	0.977340284664903
001750	2	0.994018983813183
018880	1	0.9802501625155912
009420	11	0.9546950428937597
014130	2	0.933323923035459
300720	2	0.9859542087783338
002220	3	0.9742862553755308
006390	12	0.9722330628930478
003300	2	0.9735846949656323
051600	2	0.9682053250792229
130660	2	0.9627505396665699
002320	1	0.9502847779753247
097230	3	0.9912379403138424
003480	1	0.9639866859223236
18064K	10	0.9685697354161004
180640	2	0.9803215959951739
005110	1	0.9634766975627926
009460	3	0.9640080073147915
000885	3	0.9244725349999734
00088K	1	0.972004918667996
000880	1	0.9748728866267774
088350	4	0.9950800505357114
000370	3	0.9924450504109991
009835	3	0.9899188393994421
009830	3	0.9931795259048628
272210	1	0.9885113376507478
012450	2	0.971218719598993
003535	2	0.9870709863997568
003530	4	0.9798185109883975
195870	2	0.9911640480680943
101530	2	0.9763958973422209
143210	1	0.9206299473799293
000725	1	0.8324712892372219
267270	10	0.9880851665522412
000720	4	0.9823667811575875
005440	2	0.9883137981926103
086280	3	0.9827732696213282
064350	1	0.9780589694957793
079430	2	0.9806018672540728
012330	2	0.9691296222509563
010620	11	0.9901317901874128
069960	2	0.9831881907909034
004565	2	0.9093624020501264
004560	3	0.9744771066675073
004310	2	0.9492344336906692
322000	2	0.9745063588872298
017800	2	0.9653249052432251
307950	1	0.9900205391304735
011210	3	0.9820202920795446
267260	2	0.9847955990100539
005385	6	0.9853398285416491
005387	2	0.9826310812375519
005389	3	0.9879275595944114
005380	4	0.9910259494900201
004020	4	0.991463056068043
267250	2	0.9831831795175195
001500	2	0.9786924893410284
011760	3	0.9807602236322371
227840	2	0.9886948818635094
126560	1	0.9240425376601817
001450	2	0.9910381407635731
057050	3	0.9841307674536052
093240	2	0.990786867924047
003010	2	0.9672978698999667
111110	2	0.9790974762731778
008775	3	0.9774512461258466
008770	1	0.9538259311750423
002460	3	0.9792040621787689
378850	3	0.885872442262251
241590	2	0.9595960888095363
006060	2	0.9742709156702969
013520	1	0.9803036566212139
010690	4	0.9825789296637405
133820	1	0.9470542420792585
010660	1	0.9321490863139832
000850	2	0.9883790148029505
016580	3	0.9781310103926589
032560	1	0.9818757965811337
004800	3	0.978344305717212
094280	2	0.9919869348560533
298040	4	0.990976500973949
298050	3	0.993826899461011
298020	4	0.9945858072695334
298000	3	0.9895536745421218
093370	2	0.9634812794807607
081660	2	0.9859746397157939
005870	2	0.9259901595123321
079980	3	0.9721058764940733
005010	3	0.9746915042353088
069260	1	0.9445590691435926
000545	3	0.9489207107512415
000547	3	0.9239140514922854
000540	2	0.9923124110613447
003280	2	0.9897623118747474
098120	2	0.984589352069665
131100	2	0.9693139660691361
009520	1	0.9558059428051229
058820	2	0.9615168908547282
050120	1	0.9498687534749986
024120	1	0.9846453650711069
044180	6	0.9600817704449474
950110	3	0.9781893304293456
079940	1	0.9848136508281099
078890	2	0.9847722240092933
036620	2	0.9614218399546264
217730	17	0.9872603900766823
114190	3	0.9714087262912274
094480	4	0.9769425986259133
063080	2	0.9871874241512545
039240	2	0.9934770038871503
053950	1	0.9955159431855717
223310	3	0.995030602720458
011040	3	0.9659583860768172
024910	2	0.9863326776784754
198440	2	0.9397955740084214
049720	3	0.9943128584928678
014570	1	0.9548269313976356
348150	1	0.6501619766824325
098460	1	0.9555092469429867
035290	5	0.9924921492076796
038530	3	0.9584994249570358
215000	2	0.994306332412915
121440	2	0.990511974748228
014200	18	0.9850618975874847
026910	3	0.9649456468383683
090150	2	0.9531837409473417
355150	5	0.7099563877151018
331520	2	0.6680627249837482
053270	1	0.9803456630457267
066620	2	0.9783852080824469
043650	2	0.9938110229369658
006050	2	0.9633406017433809
060480	3	0.9807747038075595
078130	2	0.9870153015370359
307750	2	0.9802022376604442
900290	2	0.9900563227501873
204020	15	0.9819012249097657
186230	2	0.991150713639657
083450	3	0.9935690604401275
900070	3	0.968064439467901
204620	2	0.974490174805897
019660	2	0.9633081856889977
053260	3	0.9893265990608487
045890	8	0.9862555433641426
036190	2	0.9749137109411045
049080	2	0.9723779101560767
035460	1	0.9166214033345284
308100	2	0.9305619598327066
187790	3	0.9681194588758395
286750	18	0.9859944662187792
151910	1	0.9481931320877172
121600	3	0.9872646591901404
247660	8	0.9556616566559983
039860	2	0.9732137394647508
091970	1	0.9898115279610402
051490	16	0.9864308549408194
190510	3	0.9800796055151594
242040	2	0.9784310941670061
089600	1	0.9538267579931545
293580	2	0.9907971209579923
138610	3	0.9909789195192676
130580	1	0.9817213011413297
036800	2	0.9811872489294744
030190	2	0.9881846094138432
267320	1	0.9841286069869393
111710	2	0.9455168559666526
091590	2	0.9482540471123725
168330	3	0.9935786301108522
094860	3	0.9854923478039354
253590	2	0.9849996092270416
212560	2	0.9435646811791609
095660	1	0.9871000503186802
042420	2	0.9904708701831713
950220	1	0.8199330990077895
311390	1	0.9490762509068302
085910	2	0.9615045976136998
092730	1	0.9820590698717908
290660	1	0.9676136186852119
306620	13	0.9803830952348869
153460	2	0.9516783053339669
007390	1	0.9524566171710606
033640	2	0.9880650582538922
330860	7	0.8627569807952031
089140	2	0.9799680035030695
065170	1	0.932269555619327
137940	4	0.9884265698801922
160550	4	0.9831219761419605
348210	1	0.9820227279321923
041140	1	0.9765580924141063
217270	4	0.9924925544654073
225570	1	0.9537672504370738
104620	8	0.9901453626003914
194700	1	0.9914721643680242
285490	2	0.9950937409616233
278650	1	0.9315361598957114
144510	1	0.9855101948384483
031390	1	0.9296191631848477
142280	1	0.9641414230178665
234690	4	0.8962174236829784
065560	1	0.9873542690531472
154030	1	0.9609832887003984
054050	3	0.9626708569844583
069140	3	0.9482156782587741
040160	4	0.9726109996902716
126870	15	0.9840043189798175
060260	2	0.9541755277074474
012340	4	0.9761811667407893
214870	2	0.9839356006732006
270870	4	0.9844916678387329
144960	2	0.9854956516971098
085670	1	0.9743877217071292
119860	1	0.9793580546431484
064260	4	0.9645604626471056
093640	4	0.9780817010752318
340360	4	0.9108324083106308
039560	2	0.9789711278058276
032190	2	0.983621828373403
068240	1	0.9688911341338179
020400	5	0.9676951823907257
008830	1	0.9921221806914802
048470	3	0.9660405106371104
004780	1	0.9798964233810386
017650	11	0.9802997315964388
007720	1	0.9748008182858655
317850	1	0.9471296774124139
290670	1	0.9640685582808548
078140	1	0.9677914026321808
036480	1	0.910257620343754
025440	1	0.9431554732065098
027830	2	0.982264333452887
104040	2	0.9791255558228357
332290	1	0.9323142868841573
336570	2	0.9451212718067453
369370	2	0.978700041929804
020180	3	0.9817667450788881
045390	2	0.9399186580800298
108380	16	0.972491513595564
006580	1	0.9556771303451859
007680	2	0.9533184588336794
048910	3	0.9954442857434683
005710	2	0.9677767985567591
290380	2	0.9568956092379935
290120	2	0.9178680400938074
120240	2	0.9741028719435767
003310	1	0.9733655776691332
078600	2	0.9912857516966123
096350	2	0.9816253010876924
140520	2	0.9733623166118529
131220	1	0.9860742067874454
010170	2	0.9740831134494466
060900	2	0.9786773047437665
054670	1	0.8976300275162107
023910	2	0.9737363012176592
021040	5	0.9602127966905372
021045	4	0.8763856176417972
067080	3	0.9839976812721059
161570	2	0.9760702915589997
298540	7	0.9684365454309757
073570	2	0.9185646303682397
299170	3	0.9240516708977227
192410	3	0.9981545368231615
089230	1	0.9554889660237854
213420	6	0.9898180259385332
317330	2	0.9315230225802855
077360	2	0.9874603341440662
090410	2	0.9476989352541386
263600	3	0.9848175962430071
194480	16	0.9932371843697503
263800	2	0.9786688418162653
206560	2	0.964376394388657
261200	1	0.9567946970604142
067990	2	0.9743370718000455
006620	3	0.9714108170717598
005160	1	0.9749678325403145
075970	2	0.9824807738689104
100130	2	0.9852211650756341
086450	2	0.9941544984264726
099410	2	0.9666812149948036
033500	1	0.9747784548140981
025950	4	0.992782224290085
088130	2	0.9724855991054989
041930	2	0.990502362840371
060380	17	0.9902989407713565
079960	2	0.9837629311164681
228340	2	0.9845908875649703
088910	2	0.9232331344505296
094170	1	0.9792276214004968
013120	2	0.9885935138844193
109860	1	0.9680279458232015
032960	1	0.9672429193992947
023790	3	0.9647612183488351
005290	3	0.9939186478475426
025900	2	0.9937160263947176
073190	3	0.973106581129781
030350	8	0.9598209834302032
203650	2	0.9725841050531753
223250	1	0.9277439440777924
060570	2	0.9768936410314522
217620	2	0.9842632670359933
187870	3	0.9906846157457107
367340	13	0.8989917038697856
367360	2	0.6519543588630456
066670	1	0.9750840199862205
110990	1	0.9685043731329009
263690	2	0.9822043585701096
214680	1	0.9161884371096567
263720	2	0.9919950908490365
241520	4	0.9880417023976387
109740	2	0.9692534567956222
033430	1	0.9889101546583934
131030	1	0.9769840948892842
196490	1	0.9885625047227152
066900	5	0.9672722326700594
127120	6	0.9744599753498849
092070	3	0.9929970015005554
068790	2	0.9854395463008094
134580	5	0.9797593809119203
039840	1	0.9721680300460367
104460	4	0.996418907115767
079810	3	0.9914136549744338
227100	2	0.957759560694628
113810	5	0.9754205213528376
043360	1	0.9687646643885217
197140	3	0.958203414802082
106520	2	0.9778690980348056
068930	2	0.982744771177221
033130	2	0.951082567611552
105740	1	0.9609258976343937
263020	1	0.9859080552983732
290550	2	0.9793028095490117
187220	1	0.9747950725945227
131180	3	0.9589016763005686
317120	1	0.9652792710050783
042510	3	0.9803642367913665
232680	3	0.9931814042916568
300120	1	0.9563147625515643
171120	2	0.9348134327307626
069540	2	0.9736439573153755
347700	1	0.7572986289771214
214260	2	0.9716910943668842
171010	3	0.9632614214126461
084650	2	0.986562560058418
217500	3	0.9876566521642005
141080	5	0.9855788035474928
060300	3	0.9922669241734793
038390	13	0.9852005120386482
294140	1	0.9588410972348548
228670	1	0.968966967816575
228850	2	0.9746438171193689
281740	2	0.9854009604125146
277810	4	0.8501930792747772
215100	3	0.9732069539583937
090360	2	0.9827736206944727
108490	2	0.9679082236505325
900260	2	0.9923884216027186
067730	2	0.9833628082227269
071280	2	0.9657913318510807
038060	2	0.9739753970462405
085370	2	0.9730666099302305
08537M	2	0.9746834461787903
060240	2	0.9372551656738389
058470	2	0.9953403470883417
039980	1	0.9777318196001917
019570	6	0.9456039132949897
016100	2	0.9935116406952061
012700	2	0.9704681889063841
302550	12	0.972919340408766
029480	1	0.9528969435189352
277070	3	0.9520694993042388
042500	2	0.9571320722455197
219420	3	0.9418459376798751
195500	3	0.8654402756717137
222810	3	0.9905726755748103
305090	2	0.986439785006979
147760	3	0.972532103736763
169330	1	0.9474769053927727
038290	2	0.9394407375330056
220630	2	0.9704784651574014
267980	2	0.9522018846253028
005990	5	0.9844907125190898
127160	9	0.9872282626029621
093520	2	0.9738661448743101
141070	2	0.9652059876603765
377030	1	nan
100590	1	0.9505860705716805
067280	2	0.9859132781538525
072870	1	0.949252095560277
215200	1	0.983760007875906
133750	1	0.9674266808948524
235980	4	0.9804402952756015
041920	1	0.9896111394038203
014100	9	0.9907261271845442
054180	2	0.9783436744416302
086900	1	0.9918756496540402
078160	1	0.9603805432128053
065650	1	0.9645431190781562
021880	2	0.9791807573259426
140410	2	0.9577441046324533
241770	3	0.9722474038392305
059210	1	0.9509248166471752
058110	5	0.9938591783796938
096640	1	0.9822372158236159
257370	16	0.9601218145433308
080420	2	0.9689056800771634
080160	1	0.9856069222173772
100030	2	0.9832715301980399
087260	5	0.9794092751740683
101330	2	0.9691084382923171
012860	1	0.9757278426947688
348030	6	0.8148052517302329
250060	3	0.9698391947482098
033200	6	0.9798070290403929
118990	2	0.9807481233773395
006920	2	0.9646878466435395
001810	2	0.9827155160268305
279600	3	0.9754166277649162
095500	2	0.9656954894594809
218150	2	0.9314711752082695
353490	1	0.676200687314122
328380	1	0.8447778802305662
100790	14	0.9903426629378664
049950	4	0.9885695243831012
213090	1	0.9413730896112368
207760	2	0.9901385214687363
059090	3	0.9884238415629596
214610	2	0.9828256851058234
201490	2	0.9316029276416965
950190	1	0.9629692744993275
214180	2	0.9738613016666391
206640	2	0.9731706118365826
018700	8	0.941380939025749
035620	1	0.9437449974817996
064520	1	0.9834175384691523
053030	2	0.9821100801189094
301300	11	0.8189924704624705
064550	3	0.9813156216254882
314930	1	0.7850194105214087
208710	2	0.9783050100463424
142760	2	0.9837365896609738
086820	5	0.9581389634850549
038460	2	0.9761136219601805
086040	2	0.9587667672990173
032980	2	0.9723741575081678
043150	2	0.9639291429145965
323990	2	0.9837981471361432
267790	2	0.9767736135908693
046310	2	0.9455653672165156
066410	4	0.9704703082477402
206400	2	0.99013619087671
019010	2	0.9791575215480297
177350	7	0.9625640329559515
299910	3	0.9792530087078659
225530	2	0.97625986233876
250000	1	0.9733228915559532
006910	2	0.9791386627714128
226340	1	0.9720018129254222
008470	3	0.9671430754951927
014470	2	0.9572233813440856
338220	1	0.8504747907695498
100120	1	0.9295125613108106
337930	1	0.8919493309583543
064480	2	0.9624029246146182
288330	2	0.9101013285190775
251630	3	0.969182950638411
018290	1	0.8986526198070939
044480	2	0.9875759114628279
033560	3	0.9864582356722063
126340	3	0.9935334978473052
121800	4	0.9589182618087783
148140	1	0.9533365621951484
082800	1	0.8879264580668529
318410	1	0.6551379563669923
200780	1	0.9562273050065108
141000	1	0.951959814374291
090460	2	0.9038015618671666
083650	3	0.9851029235412402
086670	4	0.973298773658081
335890	1	0.8809142983325084
138580	1	0.9758069646596708
082920	2	0.9812061936253719
054220	2	0.9900967468292341
042370	2	0.9757387863747582
032850	3	0.9787044413044577
238200	2	0.9592072878324256
093190	3	0.9836430625100977
065450	2	0.9593526570252858
072950	2	0.9636322740304553
143240	2	0.9814649351886481
100090	3	0.9930753239051683
122350	5	0.9826080772477462
014970	1	0.9737001419491471
018310	2	0.9878870202384213
053700	3	0.9643576955394657
009620	3	0.9711188068159737
023600	1	0.9848448596820215
377630	6	0.49792731505556465
380320	3	0.811638497401204
009300	3	0.9388766702148056
225190	3	0.991054634289875
060310	1	0.952969208868976
361670	13	0.38847392483397614
054540	2	0.9721313975609583
065570	3	0.9624083660696925
032280	1	0.9586566078743878
002290	2	0.9904807687357976
037460	2	0.959083980895964
032750	2	0.9758999299696178
054090	3	0.9682715099473146
000250	2	0.9684385209292768
024950	3	0.9818606347710057
038500	2	0.9679270958449309
017480	2	0.9840010896049295
046390	2	0.9772704384174189
027580	3	0.9722529396650381
038540	3	0.9920507637378874
307870	1	0.9537260715363886
329560	5	0.8672318043515065
101000	2	0.9991737752546999
091580	2	0.971356370075136
263810	10	0.9590167325582377
089980	3	0.9921082671037392
042940	2	0.9407298472301999
042600	3	0.985468360145135
252990	1	0.5153333742903207
263540	17	0.9696945056519489
294630	2	0.9116809697092659
038070	4	0.9587493969206655
006730	1	0.9634450006899222
079650	3	0.9596494957058748
100660	1	0.9532457117984697
019770	5	0.98671261276683
043710	3	0.9898855941319782
092190	1	0.9233294023942387
046890	2	0.9694502752457093
063170	8	0.9845020684477146
027040	2	0.9788653818756131
018680	2	0.9609320919216562
093920	2	0.9804077321157953
189860	1	0.9551197509350485
178320	1	0.9866625245086637
122690	2	0.9391401664901238
140070	2	0.9832193555025504
011370	3	0.980168751712442
065710	2	0.9816968178574902
035890	2	0.9818801437847289
357550	1	0.9447176032932902
003100	2	0.9953962673324954
123420	2	0.9296246812350213
171090	16	0.9832008414584548
086710	2	0.853136106432272
014620	2	0.9809492803286944
037350	12	0.989506329975797
081580	2	0.9818565980503006
045300	2	0.9727476562533586
015750	2	0.9832658420950336
080470	1	0.933862508711228
043260	6	0.9816632887808109
148150	1	0.960782134469103
053060	2	0.9196173981344777
017510	2	0.9770019798310187
011560	4	0.988204026753134
100700	3	0.9785083302502089
234100	2	0.9776897277404785
024830	1	0.9629072663281324
258830	15	0.9685910476844284
036630	2	0.9772179477436141
039310	2	0.9702040451687232
067770	1	0.9825781759244525
053450	1	0.9664629130077218
234340	2	0.972027133542415
252500	1	0.9677508473948607
347000	1	0.8253498763670053
331920	4	0.9137490791721263
049180	2	0.9840900381627824
299660	5	0.9809991705587408
268600	3	0.9857218735880446
108860	1	0.9843861205976701
208370	2	0.9595497524864391
068760	3	0.9890794627987718
091990	3	0.9882146133648133
290690	1	0.9018141001900455
053110	12	0.992866714000213
950200	1	0.9413971960322238
032680	1	0.9478379679058248
032685	1	0.9263587991789058
258790	2	0.971253775164457
066910	3	0.957546429628383
043100	3	0.9848065520007677
154040	7	0.9683532241957586
035610	4	0.962450895035775
357780	1	0.9651605868551091
036830	1	0.9822829477104013
304100	1	0.8063323286074101
086980	2	0.9625045795465925
050960	1	0.965043125171899
084180	3	0.9879827882139917
253840	2	0.965064899593986
058530	3	0.9925630211082849
236200	2	0.9653008549173028
317770	1	0.9607387039180302
094840	3	0.976982799003664
192440	3	0.9615726387544359
099440	8	0.9891477628230002
033790	1	0.9947007063665534
159910	3	0.9821790251480506
115570	1	0.9488681114671272
204630	2	0.9513544213302965
253450	3	0.9623793861734375
013810	3	0.9828764932054871
039670	1	0.9607469664953052
049830	2	0.9772009818432934
020710	2	0.964787741678875
033170	3	0.9686990329858214
048870	2	0.9692437191298787
025320	2	0.9680054096863355
269620	2	0.9784426486134454
131090	1	0.932684189882024
139050	1	0.9750228862106506
290520	1	0.9352255453445174
001000	2	0.9605246778139638
025870	2	0.9751641241410866
215600	1	0.9953791540938829
065350	2	0.9949354796725405
002800	2	0.938347133990391
323280	5	-0.912372925854481
344050	4	0.9199582659658337
017000	2	0.9812804678867881
012790	3	0.9383040826425139
138070	3	0.9804373092108613
226330	3	0.9476383711151897
333050	2	0.9141149705998833
366330	7	0.25066834398920224
056700	2	0.9813996356294877
187270	6	0.941364655516279
243840	1	0.946348059903984
222800	2	0.9931276012897461
036710	2	0.9852929824079778
160980	1	0.9907601155740952
356890	1	0.6772294212706071
217330	3	0.9954168017435896
010280	1	0.9416607848359022
208640	3	0.9743470952145944
222420	1	0.9309930012883701
037760	2	0.9445357882428029
136510	1	0.9840017606521843
099320	2	0.9922524361887025
049960	2	0.987064377198905
050890	2	0.9909382589860467
013720	2	0.995142901005412
066790	6	0.994991378181972
222080	3	0.9929000151754668
352480	4	0.6419418052643683
023460	2	0.9918920395369103
264660	5	0.9880326245763322
352700	1	0.809466001953717
056730	1	0.9569257799034574
065770	2	0.9726068039604977
297090	2	0.9912104512464412
083660	5	0.9900812685632677
115530	1	0.0
225330	2	0.9612666849085134
056000	1	0.9678436709344173
115480	2	0.9533131179185267
189330	2	0.9845343697983101
035760	2	0.9883822115285087
051500	2	0.9838610848983826
096530	3	0.9909803812654864
900120	10	0.9696655425808485
101240	1	0.9753852686664813
060590	3	0.9674923151868932
260930	1	0.9812187985099072
013990	2	0.9690351870141305
123860	2	0.9634026998804388
025980	18	0.9724034587599222
050320	1	0.0
058220	8	0.994038831997786
125210	1	0.9560209764581391
052710	2	0.9791563405608174
074430	1	0.9382826976336328
092040	2	0.9677132721292357
083930	2	0.9892063384356233
149950	10	0.9879446471132599
036010	2	0.9767921757228174
050860	1	0.9359912870644478
246720	2	0.9807977089894269
067390	2	0.9887538435238691
127710	2	0.9888641272344506
227610	2	0.9916876058297714
143160	2	0.9558741859672231
054800	1	0.9410675517003326
332370	1	0.9329334851238675
339950	2	0.9618971177357725
335870	3	0.9464360059905211
351340	1	0.9422863782427707
351320	2	0.9406263427406749
373200	1	0.7887802069975445
099190	2	0.935076142317746
289010	1	0.8294565033044323
214430	1	0.9404366551449511
040910	5	0.9805183081190882
068940	1	0.9871638278420065
052860	2	0.9563022169604678
095340	1	0.9884458294574097
069920	2	0.868505879306959
038880	3	0.988104881551755
307180	3	0.9746064127127402
101390	3	0.9769157098241292
052220	2	0.9689307333235617
078860	1	0.9408639507303322
114810	3	0.9919312774767927
031310	1	0.9380402329725793
185490	3	0.981299463807657
059100	2	0.9768849059513065
262840	7	0.9408940730272131
175250	2	0.9445954020029558
052460	3	0.9822420292807902
119830	2	0.9841021535847881
052770	16	0.9906052890929467
124500	3	0.9521717065375971
099520	1	0.9752200069341358
084850	1	0.9604508159784848
027360	2	0.9932888448055069
032080	2	0.9293387412490053
013310	8	0.9594875149748349
059120	1	0.9601979971907296
158430	1	0.9635914295051559
067160	1	0.9870867990127511
001540	3	0.9530357782100553
053800	1	0.9652948730298552
065660	1	0.9695506708345435
297570	2	0.9799153204179011
260660	2	0.9362205793420549
131370	5	0.9901748518957517
140670	18	0.967047664310738
